11643 97
10774 37
23656 92
7024 15
21647 6
20909 22
18849 100
21689 40
28303 91
14230 30
31748 15
29438 78
50 21
21322 40
23506 4
32146 22
4198 18
20502 78
17346 48
8668 75
7370 23
9627 64
23933 41
29656 72
24115 91
79 27
20002 12
32404 48
23847 79
31226 47
12996 88
9396 24
22117 64
8762 29
27879 65
20719 101
28506 32
22272 70
16134 34
30351 100
15021 45
27921 58
14608 12
25076 12
3252 24
10373 26
29926 20
22802 44
8189 43
1355 18
8927 17
3054 10
2503 67
20388 96
26181 23
21798 45
32390 12
3235 27
469 21
19046 55
26210 28
12980 60
21570 68
7411 16
16824 63
12818 28
9395 18
18980 21
23959 34
19790 84
16192 37
7140 34
22597 47
16847 101
24953 69
31026 101
30136 27
16461 58
30432 85
1697 56
17437 97
13652 4
9578 42
5848 95
4180 36
25032 41
10753 50
27410 68
10866 8
17243 32
1285 31
17311 81
31294 57
19736 15
30406 69
16482 53
25524 51
28636 46
19468 68
4433 67
31621 4
29400 25
31376 88
30456 54
2965 50
7184 34
3456 30
4854 68
26492 50
10463 24
25086 6
2175 35
4358 62
5745 77
13218 95
27864 14
11443 40
14919 21
30963 57
2014 41
17975 93
10934 40
4082 76
25728 41
25851 7
30568 60
14992 58
12608 69
28826 2
12762 45
27442 41
28853 20
25957 11
17884 36
24884 15
31244 84
22751 57
8725 49
5476 24
18818 53
20034 26
12412 64
30338 75
8428 32
23288 72
7904 23
30151 69
30768 40
6947 13
30561 3
25435 32
15817 48
30230 94
2292 38
6876 78
26439 99
13017 5
8163 28
32734 84
20941 7
23721 6
3659 39
19046 23
29329 7
30582 78
1180 45
9070 98
22367 69
1123 20
14877 54
4453 58
30486 48
22089 38
25957 3
13484 32
21033 87
13876 74
1251 12
21529 99
25375 92
22500 66
30551 7
14711 80
24340 58
7758 87
25686 91
24068 68
17974 39
12313 91
29898 97
26354 13
17481 35
23585 39
23407 55
29159 41
24867 40
19959 41
11608 28
12669 66
305 68
4703 43
2664 42
22979 60
13808 26
27601 23
5593 12
23738 38
24181 56
30457 32
16057 67
30425 77
6117 38
7991 64
22632 101
2953 20
32253 90
25375 36
795 50
20905 34
15244 62
26874 93
25691 101
20491 63
27380 30
25411 87
12167 41
10741 80
18093 47
17707 25
32334 14
15266 62
10690 57
18197 78
31030 19
1726 7
24658 45
15131 95
20505 15
28398 32
18448 44
12679 31
674 93
17989 8
16579 66
27995 17
30932 6
10704 56
27846 76
10442 50
27523 47
11787 77
16777 47
10684 20
7384 56
23401 33
26639 58
9806 60
24786 94
31441 66
28014 73
31055 65
30144 45
12827 18
17235 28
9924 62
11464 47
28823 25
4219 47
12389 24
25187 84
11143 38
20794 74
14878 2
18142 8
27295 47
18424 13
32400 91
30427 89
9356 76
15791 68
5005 24
25550 66
27499 16
4718 62
32415 63
3201 56
26957 72
7641 65
6530 81
1424 57
11450 85
24487 12
18085 17
20973 84
17706 10
34 94
30125 46
2909 34
12173 92
8363 88
30705 25
23289 12
4805 101
31796 82
9471 25
16814 18
19495 34
22468 66
20246 65
12478 2
19454 16
17142 3
1962 70
29245 75
16903 51
10362 56
13284 98
24980 19
6646 78
11922 15
28959 90
29697 94
18415 64
26518 78
18796 53
4373 40
25870 3
21105 9
14350 35
15157 70
7137 99
11042 42
32255 34
2074 2
25832 7
2877 60
18025 100
26961 10
4891 93
23143 61
6958 36
17595 49
12388 97
3805 96
10592 48
23822 23
10785 34
15853 28
21962 86
2643 76
19876 5
31867 54
8549 12
16998 85
5299 20
3965 99
24036 61
29049 6
16904 40
27776 87
12841 47
8848 97
19921 27
2593 35
28365 68
30726 78
8753 2
149 45
12956 44
29703 25
10173 60
31266 51
24342 82
4373 47
8704 90
29603 83
23792 3
10883 45
23544 2
19719 94
12433 65
13565 7
9367 16
10707 48
24213 85
18174 26
6979 47
8603 17
8269 46
29015 63
19542 85
16525 88
26685 52
26543 42
7583 98
22503 6
13981 94
30974 48
2783 42
7804 92
15832 20
22545 45
12876 28
8499 6
22288 69
13321 67
12562 48
904 81
18073 30
8412 89
20429 37
4105 18
20601 33
20434 45
32528 27
6362 76
7406 67
6153 62
9185 63
10289 98
27880 63
20209 34
13370 82
218 50
7818 37
28881 78
9098 58
28340 80
430 96
6465 33
7986 69
26419 41
31838 44
19373 80
6921 100
31196 80
32604 8
3033 93
11736 9
4300 24
19098 5
18007 24
15838 45
306 84
451 62
2322 4
32078 75
27600 2
4272 65
3015 24
14028 31
28030 17
24564 48
2183 100
27123 96
8102 71
22865 2
25654 99
14290 67
26825 63
15424 74
9999 8
8042 73
7417 80
17005 80
17693 13
2610 100
28253 76
5176 64
14019 61
10388 27
11696 66
3382 24
24886 32
7789 74
23234 25
20654 78
20222 82
32657 39
1269 39
11804 36
14457 56
7236 100
31681 70
21937 94
23639 51
7618 2
20274 26
23761 36
10270 11
29368 67
8293 81
4755 81
12456 61
3016 97
16910 82
9285 13
31393 85
26633 101
10484 15
