1 1 1 0 1 1 0 0 1 0 0 0 0 0 0 0 0 0 0 0 84 
1 1 1 1 1 1 1 0 0 1 0 0 0 0 0 0 0 0 0 0 120 
1 1 1 1 0 1 1 1 0 0 1 0 0 0 0 0 0 0 0 0 112 
0 1 1 1 0 0 1 1 0 0 0 1 0 0 0 0 0 0 0 0 90 
1 1 0 0 1 1 1 0 1 1 0 0 1 0 0 0 0 0 0 0 112 
1 1 1 0 1 1 1 1 1 1 1 0 0 1 0 0 0 0 0 0 165 
0 1 1 1 1 1 1 1 0 1 1 1 0 0 1 0 0 0 0 0 154 
0 0 1 1 0 1 1 1 0 0 1 1 0 0 0 1 0 0 0 0 120 
1 0 0 0 1 1 0 0 1 1 1 0 1 1 0 0 1 0 0 0 126 
0 1 0 0 1 1 1 0 1 1 1 1 1 1 1 0 0 1 0 0 180 
0 0 1 0 0 1 1 1 1 1 1 1 0 1 1 1 0 0 1 0 168 
0 0 0 1 0 0 1 1 0 1 1 1 0 0 1 1 0 0 0 1 135 
0 0 0 0 1 0 0 0 1 1 0 0 1 1 1 0 1 1 0 0 112 
0 0 0 0 0 1 0 0 1 1 1 0 1 1 1 1 1 1 1 0 165 
0 0 0 0 0 0 1 0 0 1 1 1 1 1 1 1 0 1 1 1 154 
0 0 0 0 0 0 0 1 0 0 1 1 0 1 1 1 0 0 1 1 120 
0 0 0 0 0 0 0 0 1 0 0 0 1 1 0 0 1 1 1 0 84 
0 0 0 0 0 0 0 0 0 1 0 0 1 1 1 0 1 1 1 1 120 
0 0 0 0 0 0 0 0 0 0 1 0 0 1 1 1 1 1 1 1 112 
0 0 0 0 0 0 0 0 0 0 0 1 0 0 1 1 0 1 1 1 90 

1 1 1 0 1 1 0 0 1 0 0 0 0 0 0 0 0 0 0 0 84 
0 0 0 1 0 0 1 0 -1 1 0 0 0 0 0 0 0 0 0 0 36 
0 0 0 1 -1 0 1 1 -1 0 1 0 0 0 0 0 0 0 0 0 28 
0 1 1 1 0 0 1 1 0 0 0 1 0 0 0 0 0 0 0 0 90 
0 0 -1 0 0 0 1 0 0 1 0 0 1 0 0 0 0 0 0 0 28 
0 0 0 0 0 0 1 1 0 1 1 0 0 1 0 0 0 0 0 0 81 
0 1 1 1 1 1 1 1 0 1 1 1 0 0 1 0 0 0 0 0 154 
0 0 1 1 0 1 1 1 0 0 1 1 0 0 0 1 0 0 0 0 120 
0 -1 -1 0 0 0 0 0 0 1 1 0 1 1 0 0 1 0 0 0 42 
0 1 0 0 1 1 1 0 1 1 1 1 1 1 1 0 0 1 0 0 180 
0 0 1 0 0 1 1 1 1 1 1 1 0 1 1 1 0 0 1 0 168 
0 0 0 1 0 0 1 1 0 1 1 1 0 0 1 1 0 0 0 1 135 
0 0 0 0 1 0 0 0 1 1 0 0 1 1 1 0 1 1 0 0 112 
0 0 0 0 0 1 0 0 1 1 1 0 1 1 1 1 1 1 1 0 165 
0 0 0 0 0 0 1 0 0 1 1 1 1 1 1 1 0 1 1 1 154 
0 0 0 0 0 0 0 1 0 0 1 1 0 1 1 1 0 0 1 1 120 
0 0 0 0 0 0 0 0 1 0 0 0 1 1 0 0 1 1 1 0 84 
0 0 0 0 0 0 0 0 0 1 0 0 1 1 1 0 1 1 1 1 120 
0 0 0 0 0 0 0 0 0 0 1 0 0 1 1 1 1 1 1 1 112 
0 0 0 0 0 0 0 0 0 0 0 1 0 0 1 1 0 1 1 1 90 

1 1 1 0 1 1 0 0 1 0 0 0 0 0 0 0 0 0 0 0 84 
0 1 1 1 0 0 1 1 0 0 0 1 0 0 0 0 0 0 0 0 90 
0 0 0 1 -1 0 1 1 -1 0 1 0 0 0 0 0 0 0 0 0 28 
0 0 0 1 0 0 1 0 -1 1 0 0 0 0 0 0 0 0 0 0 36 
0 0 -1 0 0 0 1 0 0 1 0 0 1 0 0 0 0 0 0 0 28 
0 0 0 0 0 0 1 1 0 1 1 0 0 1 0 0 0 0 0 0 81 
0 0 0 0 1 1 0 0 0 1 1 0 0 0 1 0 0 0 0 0 64 
0 0 1 1 0 1 1 1 0 0 1 1 0 0 0 1 0 0 0 0 120 
0 0 0 1 0 0 1 1 0 1 1 1 1 1 0 0 1 0 0 0 132 
0 0 -1 -1 1 1 0 -1 1 1 1 0 1 1 1 0 0 1 0 0 90 
0 0 1 0 0 1 1 1 1 1 1 1 0 1 1 1 0 0 1 0 168 
0 0 0 1 0 0 1 1 0 1 1 1 0 0 1 1 0 0 0 1 135 
0 0 0 0 1 0 0 0 1 1 0 0 1 1 1 0 1 1 0 0 112 
0 0 0 0 0 1 0 0 1 1 1 0 1 1 1 1 1 1 1 0 165 
0 0 0 0 0 0 1 0 0 1 1 1 1 1 1 1 0 1 1 1 154 
0 0 0 0 0 0 0 1 0 0 1 1 0 1 1 1 0 0 1 1 120 
0 0 0 0 0 0 0 0 1 0 0 0 1 1 0 0 1 1 1 0 84 
0 0 0 0 0 0 0 0 0 1 0 0 1 1 1 0 1 1 1 1 120 
0 0 0 0 0 0 0 0 0 0 1 0 0 1 1 1 1 1 1 1 112 
0 0 0 0 0 0 0 0 0 0 0 1 0 0 1 1 0 1 1 1 90 

1 1 1 0 1 1 0 0 1 0 0 0 0 0 0 0 0 0 0 0 84 
0 1 1 1 0 0 1 1 0 0 0 1 0 0 0 0 0 0 0 0 90 
0 0 1 1 0 1 1 1 0 0 1 1 0 0 0 1 0 0 0 0 120 
0 0 0 1 0 0 1 0 -1 1 0 0 0 0 0 0 0 0 0 0 36 
0 0 0 1 0 1 2 1 0 1 1 1 1 0 0 1 0 0 0 0 148 
0 0 0 0 0 0 1 1 0 1 1 0 0 1 0 0 0 0 0 0 81 
0 0 0 0 1 1 0 0 0 1 1 0 0 0 1 0 0 0 0 0 64 
0 0 0 1 -1 0 1 1 -1 0 1 0 0 0 0 0 0 0 0 0 28 
0 0 0 1 0 0 1 1 0 1 1 1 1 1 0 0 1 0 0 0 132 
0 0 0 0 1 2 1 0 1 1 2 1 1 1 1 1 0 1 0 0 210 
0 0 0 -1 0 0 0 0 1 1 0 0 0 1 1 0 0 0 1 0 48 
0 0 0 1 0 0 1 1 0 1 1 1 0 0 1 1 0 0 0 1 135 
0 0 0 0 1 0 0 0 1 1 0 0 1 1 1 0 1 1 0 0 112 
0 0 0 0 0 1 0 0 1 1 1 0 1 1 1 1 1 1 1 0 165 
0 0 0 0 0 0 1 0 0 1 1 1 1 1 1 1 0 1 1 1 154 
0 0 0 0 0 0 0 1 0 0 1 1 0 1 1 1 0 0 1 1 120 
0 0 0 0 0 0 0 0 1 0 0 0 1 1 0 0 1 1 1 0 84 
0 0 0 0 0 0 0 0 0 1 0 0 1 1 1 0 1 1 1 1 120 
0 0 0 0 0 0 0 0 0 0 1 0 0 1 1 1 1 1 1 1 112 
0 0 0 0 0 0 0 0 0 0 0 1 0 0 1 1 0 1 1 1 90 

1 1 1 0 1 1 0 0 1 0 0 0 0 0 0 0 0 0 0 0 84 
0 1 1 1 0 0 1 1 0 0 0 1 0 0 0 0 0 0 0 0 90 
0 0 1 1 0 1 1 1 0 0 1 1 0 0 0 1 0 0 0 0 120 
0 0 0 1 0 0 1 0 -1 1 0 0 0 0 0 0 0 0 0 0 36 
0 0 0 0 0 1 1 1 1 0 1 1 1 0 0 1 0 0 0 0 112 
0 0 0 0 0 0 1 1 0 1 1 0 0 1 0 0 0 0 0 0 81 
0 0 0 0 1 1 0 0 0 1 1 0 0 0 1 0 0 0 0 0 64 
0 0 0 0 -1 0 0 1 0 -1 1 0 0 0 0 0 0 0 0 0 -8 
0 0 0 0 0 0 0 1 1 0 1 1 1 1 0 0 1 0 0 0 96 
0 0 0 0 1 2 1 0 1 1 2 1 1 1 1 1 0 1 0 0 210 
0 0 0 0 0 0 1 0 0 2 0 0 0 1 1 0 0 0 1 0 84 
0 0 0 0 0 0 0 1 1 0 1 1 0 0 1 1 0 0 0 1 99 
0 0 0 0 1 0 0 0 1 1 0 0 1 1 1 0 1 1 0 0 112 
0 0 0 0 0 1 0 0 1 1 1 0 1 1 1 1 1 1 1 0 165 
0 0 0 0 0 0 1 0 0 1 1 1 1 1 1 1 0 1 1 1 154 
0 0 0 0 0 0 0 1 0 0 1 1 0 1 1 1 0 0 1 1 120 
0 0 0 0 0 0 0 0 1 0 0 0 1 1 0 0 1 1 1 0 84 
0 0 0 0 0 0 0 0 0 1 0 0 1 1 1 0 1 1 1 1 120 
0 0 0 0 0 0 0 0 0 0 1 0 0 1 1 1 1 1 1 1 112 
0 0 0 0 0 0 0 0 0 0 0 1 0 0 1 1 0 1 1 1 90 

1 1 1 0 1 1 0 0 1 0 0 0 0 0 0 0 0 0 0 0 84 
0 1 1 1 0 0 1 1 0 0 0 1 0 0 0 0 0 0 0 0 90 
0 0 1 1 0 1 1 1 0 0 1 1 0 0 0 1 0 0 0 0 120 
0 0 0 1 0 0 1 0 -1 1 0 0 0 0 0 0 0 0 0 0 36 
0 0 0 0 1 1 0 0 0 1 1 0 0 0 1 0 0 0 0 0 64 
0 0 0 0 0 0 1 1 0 1 1 0 0 1 0 0 0 0 0 0 81 
0 0 0 0 0 1 1 1 1 0 1 1 1 0 0 1 0 0 0 0 112 
0 0 0 0 0 1 0 1 0 0 2 0 0 0 1 0 0 0 0 0 56 
0 0 0 0 0 0 0 1 1 0 1 1 1 1 0 0 1 0 0 0 96 
0 0 0 0 0 1 1 0 1 0 1 1 1 1 0 1 0 1 0 0 146 
0 0 0 0 0 0 1 0 0 2 0 0 0 1 1 0 0 0 1 0 84 
0 0 0 0 0 0 0 1 1 0 1 1 0 0 1 1 0 0 0 1 99 
0 0 0 0 0 -1 0 0 1 0 -1 0 1 1 0 0 1 1 0 0 48 
0 0 0 0 0 1 0 0 1 1 1 0 1 1 1 1 1 1 1 0 165 
0 0 0 0 0 0 1 0 0 1 1 1 1 1 1 1 0 1 1 1 154 
0 0 0 0 0 0 0 1 0 0 1 1 0 1 1 1 0 0 1 1 120 
0 0 0 0 0 0 0 0 1 0 0 0 1 1 0 0 1 1 1 0 84 
0 0 0 0 0 0 0 0 0 1 0 0 1 1 1 0 1 1 1 1 120 
0 0 0 0 0 0 0 0 0 0 1 0 0 1 1 1 1 1 1 1 112 
0 0 0 0 0 0 0 0 0 0 0 1 0 0 1 1 0 1 1 1 90 

1 1 1 0 1 1 0 0 1 0 0 0 0 0 0 0 0 0 0 0 84 
0 1 1 1 0 0 1 1 0 0 0 1 0 0 0 0 0 0 0 0 90 
0 0 1 1 0 1 1 1 0 0 1 1 0 0 0 1 0 0 0 0 120 
0 0 0 1 0 0 1 0 -1 1 0 0 0 0 0 0 0 0 0 0 36 
0 0 0 0 1 1 0 0 0 1 1 0 0 0 1 0 0 0 0 0 64 
0 0 0 0 0 1 1 1 1 0 1 1 1 0 0 1 0 0 0 0 112 
0 0 0 0 0 0 1 1 0 1 1 0 0 1 0 0 0 0 0 0 81 
0 0 0 0 0 0 -1 0 -1 0 1 -1 -1 0 1 -1 0 0 0 0 -56 
0 0 0 0 0 0 0 1 1 0 1 1 1 1 0 0 1 0 0 0 96 
0 0 0 0 0 0 0 -1 0 0 0 0 0 1 0 0 0 1 0 0 34 
0 0 0 0 0 0 1 0 0 2 0 0 0 1 1 0 0 0 1 0 84 
0 0 0 0 0 0 0 1 1 0 1 1 0 0 1 1 0 0 0 1 99 
0 0 0 0 0 0 1 1 2 0 0 1 2 1 0 1 1 1 0 0 160 
0 0 0 0 0 0 -1 -1 0 1 0 -1 0 1 1 0 1 1 1 0 53 
0 0 0 0 0 0 1 0 0 1 1 1 1 1 1 1 0 1 1 1 154 
0 0 0 0 0 0 0 1 0 0 1 1 0 1 1 1 0 0 1 1 120 
0 0 0 0 0 0 0 0 1 0 0 0 1 1 0 0 1 1 1 0 84 
0 0 0 0 0 0 0 0 0 1 0 0 1 1 1 0 1 1 1 1 120 
0 0 0 0 0 0 0 0 0 0 1 0 0 1 1 1 1 1 1 1 112 
0 0 0 0 0 0 0 0 0 0 0 1 0 0 1 1 0 1 1 1 90 

1 1 1 0 1 1 0 0 1 0 0 0 0 0 0 0 0 0 0 0 84 
0 1 1 1 0 0 1 1 0 0 0 1 0 0 0 0 0 0 0 0 90 
0 0 1 1 0 1 1 1 0 0 1 1 0 0 0 1 0 0 0 0 120 
0 0 0 1 0 0 1 0 -1 1 0 0 0 0 0 0 0 0 0 0 36 
0 0 0 0 1 1 0 0 0 1 1 0 0 0 1 0 0 0 0 0 64 
0 0 0 0 0 1 1 1 1 0 1 1 1 0 0 1 0 0 0 0 112 
0 0 0 0 0 0 1 1 0 1 1 0 0 1 0 0 0 0 0 0 81 
0 0 0 0 0 0 0 1 -1 1 2 -1 -1 1 1 -1 0 0 0 0 25 
0 0 0 0 0 0 0 1 1 0 1 1 1 1 0 0 1 0 0 0 96 
0 0 0 0 0 0 0 -1 0 0 0 0 0 1 0 0 0 1 0 0 34 
0 0 0 0 0 0 0 -1 0 1 -1 0 0 0 1 0 0 0 1 0 3 
0 0 0 0 0 0 0 1 1 0 1 1 0 0 1 1 0 0 0 1 99 
0 0 0 0 0 0 0 0 2 -1 -1 1 2 0 0 1 1 1 0 0 79 
0 0 0 0 0 0 0 0 0 2 1 -1 0 2 1 0 1 1 1 0 134 
0 0 0 0 0 0 0 -1 0 0 0 1 1 0 1 1 0 1 1 1 73 
0 0 0 0 0 0 0 1 0 0 1 1 0 1 1 1 0 0 1 1 120 
0 0 0 0 0 0 0 0 1 0 0 0 1 1 0 0 1 1 1 0 84 
0 0 0 0 0 0 0 0 0 1 0 0 1 1 1 0 1 1 1 1 120 
0 0 0 0 0 0 0 0 0 0 1 0 0 1 1 1 1 1 1 1 112 
0 0 0 0 0 0 0 0 0 0 0 1 0 0 1 1 0 1 1 1 90 

1 1 1 0 1 1 0 0 1 0 0 0 0 0 0 0 0 0 0 0 84 
0 1 1 1 0 0 1 1 0 0 0 1 0 0 0 0 0 0 0 0 90 
0 0 1 1 0 1 1 1 0 0 1 1 0 0 0 1 0 0 0 0 120 
0 0 0 1 0 0 1 0 -1 1 0 0 0 0 0 0 0 0 0 0 36 
0 0 0 0 1 1 0 0 0 1 1 0 0 0 1 0 0 0 0 0 64 
0 0 0 0 0 1 1 1 1 0 1 1 1 0 0 1 0 0 0 0 112 
0 0 0 0 0 0 1 1 0 1 1 0 0 1 0 0 0 0 0 0 81 
0 0 0 0 0 0 0 1 -1 1 2 -1 -1 1 1 -1 0 0 0 0 25 
0 0 0 0 0 0 0 0 2 -1 -1 2 2 0 -1 1 1 0 0 0 71 
0 0 0 0 0 0 0 0 -1 1 2 -1 -1 2 1 -1 0 1 0 0 59 
0 0 0 0 0 0 0 0 -1 2 1 -1 -1 1 2 -1 0 0 1 0 28 
0 0 0 0 0 0 0 0 2 -1 -1 2 1 -1 0 2 0 0 0 1 74 
0 0 0 0 0 0 0 0 2 -1 -1 1 2 0 0 1 1 1 0 0 79 
0 0 0 0 0 0 0 0 0 2 1 -1 0 2 1 0 1 1 1 0 134 
0 0 0 0 0 0 0 0 -1 1 2 0 0 1 2 0 0 1 1 1 98 
0 0 0 0 0 0 0 0 1 -1 -1 2 1 0 0 2 0 0 1 1 95 
0 0 0 0 0 0 0 0 1 0 0 0 1 1 0 0 1 1 1 0 84 
0 0 0 0 0 0 0 0 0 1 0 0 1 1 1 0 1 1 1 1 120 
0 0 0 0 0 0 0 0 0 0 1 0 0 1 1 1 1 1 1 1 112 
0 0 0 0 0 0 0 0 0 0 0 1 0 0 1 1 0 1 1 1 90 

1 1 1 0 1 1 0 0 1 0 0 0 0 0 0 0 0 0 0 0 84 
0 1 1 1 0 0 1 1 0 0 0 1 0 0 0 0 0 0 0 0 90 
0 0 1 1 0 1 1 1 0 0 1 1 0 0 0 1 0 0 0 0 120 
0 0 0 1 0 0 1 0 -1 1 0 0 0 0 0 0 0 0 0 0 36 
0 0 0 0 1 1 0 0 0 1 1 0 0 0 1 0 0 0 0 0 64 
0 0 0 0 0 1 1 1 1 0 1 1 1 0 0 1 0 0 0 0 112 
0 0 0 0 0 0 1 1 0 1 1 0 0 1 0 0 0 0 0 0 81 
0 0 0 0 0 0 0 1 -1 1 2 -1 -1 1 1 -1 0 0 0 0 25 
0 0 0 0 0 0 0 0 1 -1 -1 1 1 0 -1 1 1 0 0 0 36 
0 0 0 0 0 0 0 0 0 1 2 0 0 2 1 -1 1 1 0 0 95 
0 0 0 0 0 0 0 0 0 2 1 0 0 1 2 -1 1 0 1 0 64 
0 0 0 0 0 0 0 0 0 0 0 0 -1 -1 1 1 -1 0 0 1 3 
0 0 0 0 0 0 0 0 0 0 0 -1 0 0 1 0 0 1 0 0 8 
0 0 0 0 0 0 0 0 0 2 1 -1 0 2 1 0 1 1 1 0 134 
0 0 0 0 0 0 0 0 0 1 2 1 1 1 2 1 1 1 1 1 134 
0 0 0 0 0 0 0 0 0 -1 -1 1 0 0 1 2 -1 0 1 1 60 
0 0 0 0 0 0 0 0 0 1 1 -1 0 1 1 -1 1 1 1 0 49 
0 0 0 0 0 0 0 0 0 1 0 0 1 1 1 0 1 1 1 1 120 
0 0 0 0 0 0 0 0 0 0 1 0 0 1 1 1 1 1 1 1 112 
0 0 0 0 0 0 0 0 0 0 0 1 0 0 1 1 0 1 1 1 90 

1 1 1 0 1 1 0 0 1 0 0 0 0 0 0 0 0 0 0 0 84 
0 1 1 1 0 0 1 1 0 0 0 1 0 0 0 0 0 0 0 0 90 
0 0 1 1 0 1 1 1 0 0 1 1 0 0 0 1 0 0 0 0 120 
0 0 0 1 0 0 1 0 -1 1 0 0 0 0 0 0 0 0 0 0 36 
0 0 0 0 1 1 0 0 0 1 1 0 0 0 1 0 0 0 0 0 64 
0 0 0 0 0 1 1 1 1 0 1 1 1 0 0 1 0 0 0 0 112 
0 0 0 0 0 0 1 1 0 1 1 0 0 1 0 0 0 0 0 0 81 
0 0 0 0 0 0 0 1 -1 1 2 -1 -1 1 1 -1 0 0 0 0 25 
0 0 0 0 0 0 0 0 1 -1 -1 1 1 0 -1 1 1 0 0 0 36 
0 0 0 0 0 0 0 0 0 1 1 -1 0 1 1 0 1 1 1 0 67 
0 0 0 0 0 0 0 0 0 0 -0 1 0 -1 1 -1 -0 -1 0 0 -37 
0 0 0 0 0 0 0 0 0 0 0 0 -1 -1 1 1 -1 0 0 1 3 
0 0 0 0 0 0 0 0 0 0 0 -1 0 0 1 0 0 1 0 0 8 
0 0 0 0 0 0 0 0 0 0 1 0 0 2 0 -1 0 1 -0 0 61 
0 0 0 0 0 0 0 0 0 0 1 1 1 1 1 1 0 1 1 1 100 
0 0 0 0 0 0 0 0 0 0 -0 1 0 1 1 2 -0 0 1 1 93 
0 0 0 0 0 0 0 0 0 0 0 -1 0 1 0 -1 0 1 1 0 15 
0 0 0 0 0 0 0 0 0 0 -1 1 1 0 1 0 1 1 1 1 53 
0 0 0 0 0 0 0 0 0 0 1 0 0 1 1 1 1 1 1 1 112 
0 0 0 0 0 0 0 0 0 0 0 1 0 0 1 1 0 1 1 1 90 

1 1 1 0 1 1 0 0 1 0 0 0 0 0 0 0 0 0 0 0 84 
0 1 1 1 0 0 1 1 0 0 0 1 0 0 0 0 0 0 0 0 90 
0 0 1 1 0 1 1 1 0 0 1 1 0 0 0 1 0 0 0 0 120 
0 0 0 1 0 0 1 0 -1 1 0 0 0 0 0 0 0 0 0 0 36 
0 0 0 0 1 1 0 0 0 1 1 0 0 0 1 0 0 0 0 0 64 
0 0 0 0 0 1 1 1 1 0 1 1 1 0 0 1 0 0 0 0 112 
0 0 0 0 0 0 1 1 0 1 1 0 0 1 0 0 0 0 0 0 81 
0 0 0 0 0 0 0 1 -1 1 2 -1 -1 1 1 -1 0 0 0 0 25 
0 0 0 0 0 0 0 0 1 -1 -1 1 1 0 -1 1 1 0 0 0 36 
0 0 0 0 0 0 0 0 0 1 1 -1 0 1 1 0 1 1 1 0 67 
0 0 0 0 0 0 0 0 0 0 1 0 0 1 0 -0 0 1 -0 0 49 
0 0 0 0 0 0 0 0 0 0 0 0 -1 -1 1 1 -1 0 0 1 3 
0 0 0 0 0 0 0 0 0 0 0 -1 0 0 1 0 0 1 0 0 8 
0 0 0 0 0 0 0 0 0 0 0 1 0 -0 1 -1 -0 -1 0 0 -25 
0 0 0 0 0 0 0 0 0 0 0 1 1 -1 1 1 -0 0 1 1 39 
0 0 0 0 0 0 0 0 0 0 0 1 0 1 1 1 -0 0 1 1 105 
0 0 0 0 0 0 0 0 0 0 0 -1 0 0 0 -0 0 1 1 0 3 
0 0 0 0 0 0 0 0 0 0 0 1 1 1 1 -0 1 1 0 1 77 
0 0 0 0 0 0 0 0 0 0 0 -0 0 -0 1 1 1 0 1 1 63 
0 0 0 0 0 0 0 0 0 0 0 1 0 0 1 1 0 1 1 1 90 

1 1 1 0 1 1 0 0 1 0 0 0 0 0 0 0 0 0 0 0 84 
0 1 1 1 0 0 1 1 0 0 0 1 0 0 0 0 0 0 0 0 90 
0 0 1 1 0 1 1 1 0 0 1 1 0 0 0 1 0 0 0 0 120 
0 0 0 1 0 0 1 0 -1 1 0 0 0 0 0 0 0 0 0 0 36 
0 0 0 0 1 1 0 0 0 1 1 0 0 0 1 0 0 0 0 0 64 
0 0 0 0 0 1 1 1 1 0 1 1 1 0 0 1 0 0 0 0 112 
0 0 0 0 0 0 1 1 0 1 1 0 0 1 0 0 0 0 0 0 81 
0 0 0 0 0 0 0 1 -1 1 2 -1 -1 1 1 -1 0 0 0 0 25 
0 0 0 0 0 0 0 0 1 -1 -1 1 1 0 -1 1 1 0 0 0 36 
0 0 0 0 0 0 0 0 0 1 1 -1 0 1 1 0 1 1 1 0 67 
0 0 0 0 0 0 0 0 0 0 1 0 0 1 0 -0 0 1 -0 0 49 
0 0 0 0 0 0 0 0 0 0 0 1 1 -1 1 1 -0 0 1 1 39 
0 0 0 0 0 0 0 0 0 0 0 0 1 -1 2 1 -0 1 1 1 47 
0 0 0 0 0 0 0 0 0 0 0 0 -1 1 0 -1 -0 -1 -1 -1 -56 
0 0 0 0 0 0 0 0 0 0 0 0 -1 -1 1 1 -1 0 0 1 3 
0 0 0 0 0 0 0 0 0 0 0 0 -1 2 0 1 -0 0 0 0 74 
0 0 0 0 0 0 0 0 0 0 0 0 1 -1 1 0 0 1 2 1 34 
0 0 0 0 0 0 0 0 0 0 0 0 0 1 0 -1 1 1 -0 0 54 
0 0 0 0 0 0 0 0 0 0 0 0 0 -0 1 2 1 0 1 1 71 
0 0 0 0 0 0 0 0 0 0 0 0 -1 1 0 0 0 1 0 0 51 

1 1 1 0 1 1 0 0 1 0 0 0 0 0 0 0 0 0 0 0 84 
0 1 1 1 0 0 1 1 0 0 0 1 0 0 0 0 0 0 0 0 90 
0 0 1 1 0 1 1 1 0 0 1 1 0 0 0 1 0 0 0 0 120 
0 0 0 1 0 0 1 0 -1 1 0 0 0 0 0 0 0 0 0 0 36 
0 0 0 0 1 1 0 0 0 1 1 0 0 0 1 0 0 0 0 0 64 
0 0 0 0 0 1 1 1 1 0 1 1 1 0 0 1 0 0 0 0 112 
0 0 0 0 0 0 1 1 0 1 1 0 0 1 0 0 0 0 0 0 81 
0 0 0 0 0 0 0 1 -1 1 2 -1 -1 1 1 -1 0 0 0 0 25 
0 0 0 0 0 0 0 0 1 -1 -1 1 1 0 -1 1 1 0 0 0 36 
0 0 0 0 0 0 0 0 0 1 1 -1 0 1 1 0 1 1 1 0 67 
0 0 0 0 0 0 0 0 0 0 1 0 0 1 0 -0 0 1 -0 0 49 
0 0 0 0 0 0 0 0 0 0 0 1 1 -1 1 1 -0 0 1 1 39 
0 0 0 0 0 0 0 0 0 0 0 0 1 -1 2 1 -0 1 1 1 47 
0 0 0 0 0 0 0 0 0 0 0 0 0 -0 2 -1 -0 0 0 0 -18 
0 0 0 0 0 0 0 0 0 0 0 0 0 -2 3 2 -1 1 1 2 50 
0 0 0 0 0 0 0 0 0 0 0 0 0 1 2 1 -0 1 1 1 112 
0 0 0 0 0 0 0 0 0 0 0 0 0 0 -1 -0 0 -0 1 0 -4 
0 0 0 0 0 0 0 0 0 0 0 0 0 2 -1 -1 1 0 -1 0 35 
0 0 0 0 0 0 0 0 0 0 0 0 0 -0 1 1 1 0 1 1 62 
0 0 0 0 0 0 0 0 0 0 0 0 0 0 2 1 0 2 1 1 98 

1 1 1 0 1 1 0 0 1 0 0 0 0 0 0 0 0 0 0 0 84 
0 1 1 1 0 0 1 1 0 0 0 1 0 0 0 0 0 0 0 0 90 
0 0 1 1 0 1 1 1 0 0 1 1 0 0 0 1 0 0 0 0 120 
0 0 0 1 0 0 1 0 -1 1 0 0 0 0 0 0 0 0 0 0 36 
0 0 0 0 1 1 0 0 0 1 1 0 0 0 1 0 0 0 0 0 64 
0 0 0 0 0 1 1 1 1 0 1 1 1 0 0 1 0 0 0 0 112 
0 0 0 0 0 0 1 1 0 1 1 0 0 1 0 0 0 0 0 0 81 
0 0 0 0 0 0 0 1 -1 1 2 -1 -1 1 1 -1 0 0 0 0 25 
0 0 0 0 0 0 0 0 1 -1 -1 1 1 0 -1 1 1 0 0 0 36 
0 0 0 0 0 0 0 0 0 1 1 -1 0 1 1 0 1 1 1 0 67 
0 0 0 0 0 0 0 0 0 0 1 0 0 1 0 -0 0 1 -0 0 49 
0 0 0 0 0 0 0 0 0 0 0 1 1 -1 1 1 -0 0 1 1 39 
0 0 0 0 0 0 0 0 0 0 0 0 1 -1 2 1 -0 1 1 1 47 
0 0 0 0 0 0 0 0 0 0 0 0 0 1 -1 -1 0 0 -0 0 22 
0 0 0 0 0 0 0 0 0 0 0 0 0 0 2 0 -0 2 0 2 94 
0 0 0 0 0 0 0 0 0 0 0 0 0 0 2 2 -1 1 2 1 94 
0 0 0 0 0 0 0 0 0 0 0 0 0 0 -1 -0 0 -0 1 0 -8 
0 0 0 0 0 0 0 0 0 0 0 0 0 0 2 -1 -0 0 0 0 -14 
0 0 0 0 0 0 0 0 0 0 0 0 0 0 1 1 1 0 1 1 66 
0 0 0 0 0 0 0 0 0 0 0 0 0 0 2 1 0 2 1 1 98 

1 1 1 0 1 1 0 0 1 0 0 0 0 0 0 0 0 0 0 0 84 
0 1 1 1 0 0 1 1 0 0 0 1 0 0 0 0 0 0 0 0 90 
0 0 1 1 0 1 1 1 0 0 1 1 0 0 0 1 0 0 0 0 120 
0 0 0 1 0 0 1 0 -1 1 0 0 0 0 0 0 0 0 0 0 36 
0 0 0 0 1 1 0 0 0 1 1 0 0 0 1 0 0 0 0 0 64 
0 0 0 0 0 1 1 1 1 0 1 1 1 0 0 1 0 0 0 0 112 
0 0 0 0 0 0 1 1 0 1 1 0 0 1 0 0 0 0 0 0 81 
0 0 0 0 0 0 0 1 -1 1 2 -1 -1 1 1 -1 0 0 0 0 25 
0 0 0 0 0 0 0 0 1 -1 -1 1 1 0 -1 1 1 0 0 0 36 
0 0 0 0 0 0 0 0 0 1 1 -1 0 1 1 0 1 1 1 0 67 
0 0 0 0 0 0 0 0 0 0 1 0 0 1 0 -0 0 1 -0 0 49 
0 0 0 0 0 0 0 0 0 0 0 1 1 -1 1 1 -0 0 1 1 39 
0 0 0 0 0 0 0 0 0 0 0 0 1 -1 2 1 -0 1 1 1 47 
0 0 0 0 0 0 0 0 0 0 0 0 0 1 -1 -1 0 0 -0 0 22 
0 0 0 0 0 0 0 0 0 0 0 0 0 0 1 0 -0 1 0 1 47 
0 0 0 0 0 0 0 0 0 0 0 0 0 0 0 2 -0 -0 1 -1 0 
0 0 0 0 0 0 0 0 0 0 0 0 0 0 0 -0 0 0 1 1 16 
0 0 0 0 0 0 0 0 0 0 0 0 0 0 0 -1 0 -1 -0 -2 -85 
0 0 0 0 0 0 0 0 0 0 0 0 0 0 0 1 1 -0 1 1 43 
0 0 0 0 0 0 0 0 0 0 0 0 0 0 0 1 0 1 1 -1 4 

1 1 1 0 1 1 0 0 1 0 0 0 0 0 0 0 0 0 0 0 84 
0 1 1 1 0 0 1 1 0 0 0 1 0 0 0 0 0 0 0 0 90 
0 0 1 1 0 1 1 1 0 0 1 1 0 0 0 1 0 0 0 0 120 
0 0 0 1 0 0 1 0 -1 1 0 0 0 0 0 0 0 0 0 0 36 
0 0 0 0 1 1 0 0 0 1 1 0 0 0 1 0 0 0 0 0 64 
0 0 0 0 0 1 1 1 1 0 1 1 1 0 0 1 0 0 0 0 112 
0 0 0 0 0 0 1 1 0 1 1 0 0 1 0 0 0 0 0 0 81 
0 0 0 0 0 0 0 1 -1 1 2 -1 -1 1 1 -1 0 0 0 0 25 
0 0 0 0 0 0 0 0 1 -1 -1 1 1 0 -1 1 1 0 0 0 36 
0 0 0 0 0 0 0 0 0 1 1 -1 0 1 1 0 1 1 1 0 67 
0 0 0 0 0 0 0 0 0 0 1 0 0 1 0 -0 0 1 -0 0 49 
0 0 0 0 0 0 0 0 0 0 0 1 1 -1 1 1 -0 0 1 1 39 
0 0 0 0 0 0 0 0 0 0 0 0 1 -1 2 1 -0 1 1 1 47 
0 0 0 0 0 0 0 0 0 0 0 0 0 1 -1 -1 0 0 -0 0 22 
0 0 0 0 0 0 0 0 0 0 0 0 0 0 1 0 -0 1 0 1 47 
0 0 0 0 0 0 0 0 0 0 0 0 0 0 0 1 -0 -0 1 -1 0 
0 0 0 0 0 0 0 0 0 0 0 0 0 0 0 0 0 0 1 0 16 
0 0 0 0 0 0 0 0 0 0 0 0 0 0 0 0 -0 -1 1 -2 -84 
0 0 0 0 0 0 0 0 0 0 0 0 0 0 0 0 1 0 0 1 42 
0 0 0 0 0 0 0 0 0 0 0 0 0 0 0 0 0 1 0 -1 4 

1 1 1 0 1 1 0 0 1 0 0 0 0 0 0 0 0 0 0 0 84 
0 1 1 1 0 0 1 1 0 0 0 1 0 0 0 0 0 0 0 0 90 
0 0 1 1 0 1 1 1 0 0 1 1 0 0 0 1 0 0 0 0 120 
0 0 0 1 0 0 1 0 -1 1 0 0 0 0 0 0 0 0 0 0 36 
0 0 0 0 1 1 0 0 0 1 1 0 0 0 1 0 0 0 0 0 64 
0 0 0 0 0 1 1 1 1 0 1 1 1 0 0 1 0 0 0 0 112 
0 0 0 0 0 0 1 1 0 1 1 0 0 1 0 0 0 0 0 0 81 
0 0 0 0 0 0 0 1 -1 1 2 -1 -1 1 1 -1 0 0 0 0 25 
0 0 0 0 0 0 0 0 1 -1 -1 1 1 0 -1 1 1 0 0 0 36 
0 0 0 0 0 0 0 0 0 1 1 -1 0 1 1 0 1 1 1 0 67 
0 0 0 0 0 0 0 0 0 0 1 0 0 1 0 -0 0 1 -0 0 49 
0 0 0 0 0 0 0 0 0 0 0 1 1 -1 1 1 -0 0 1 1 39 
0 0 0 0 0 0 0 0 0 0 0 0 1 -1 2 1 -0 1 1 1 47 
0 0 0 0 0 0 0 0 0 0 0 0 0 1 -1 -1 0 0 -0 0 22 
0 0 0 0 0 0 0 0 0 0 0 0 0 0 1 0 -0 1 0 1 47 
0 0 0 0 0 0 0 0 0 0 0 0 0 0 0 1 -0 -0 1 -1 0 
0 0 0 0 0 0 0 0 0 0 0 0 0 0 0 0 1 0 0 1 38 
0 0 0 0 0 0 0 0 0 0 0 0 0 0 0 0 0 -1 1 -2 -80 
0 0 0 0 0 0 0 0 0 0 0 0 0 0 0 0 0 0 1 0 14 
0 0 0 0 0 0 0 0 0 0 0 0 0 0 0 0 0 1 0 -1 -9 

1 1 1 0 1 1 0 0 1 0 0 0 0 0 0 0 0 0 0 0 84 
0 1 1 1 0 0 1 1 0 0 0 1 0 0 0 0 0 0 0 0 90 
0 0 1 1 0 1 1 1 0 0 1 1 0 0 0 1 0 0 0 0 120 
0 0 0 1 0 0 1 0 -1 1 0 0 0 0 0 0 0 0 0 0 36 
0 0 0 0 1 1 0 0 0 1 1 0 0 0 1 0 0 0 0 0 64 
0 0 0 0 0 1 1 1 1 0 1 1 1 0 0 1 0 0 0 0 112 
0 0 0 0 0 0 1 1 0 1 1 0 0 1 0 0 0 0 0 0 81 
0 0 0 0 0 0 0 1 -1 1 2 -1 -1 1 1 -1 0 0 0 0 25 
0 0 0 0 0 0 0 0 1 -1 -1 1 1 0 -1 1 1 0 0 0 36 
0 0 0 0 0 0 0 0 0 1 1 -1 0 1 1 0 1 1 1 0 67 
0 0 0 0 0 0 0 0 0 0 1 0 0 1 0 -0 0 1 -0 0 49 
0 0 0 0 0 0 0 0 0 0 0 1 1 -1 1 1 -0 0 1 1 39 
0 0 0 0 0 0 0 0 0 0 0 0 1 -1 2 1 -0 1 1 1 47 
0 0 0 0 0 0 0 0 0 0 0 0 0 1 -1 -1 0 0 -0 0 22 
0 0 0 0 0 0 0 0 0 0 0 0 0 0 1 0 -0 1 0 1 47 
0 0 0 0 0 0 0 0 0 0 0 0 0 0 0 1 -0 -0 1 -1 0 
0 0 0 0 0 0 0 0 0 0 0 0 0 0 0 0 1 0 0 1 38 
0 0 0 0 0 0 0 0 0 0 0 0 0 0 0 0 0 1 -1 2 65 
0 0 0 0 0 0 0 0 0 0 0 0 0 0 0 0 0 0 1 0 9 
0 0 0 0 0 0 0 0 0 0 0 0 0 0 0 0 0 0 1 -2 -47 

1 1 1 0 1 1 0 0 1 0 0 0 0 0 0 0 0 0 0 0 84 
0 1 1 1 0 0 1 1 0 0 0 1 0 0 0 0 0 0 0 0 90 
0 0 1 1 0 1 1 1 0 0 1 1 0 0 0 1 0 0 0 0 120 
0 0 0 1 0 0 1 0 -1 1 0 0 0 0 0 0 0 0 0 0 36 
0 0 0 0 1 1 0 0 0 1 1 0 0 0 1 0 0 0 0 0 64 
0 0 0 0 0 1 1 1 1 0 1 1 1 0 0 1 0 0 0 0 112 
0 0 0 0 0 0 1 1 0 1 1 0 0 1 0 0 0 0 0 0 81 
0 0 0 0 0 0 0 1 -1 1 2 -1 -1 1 1 -1 0 0 0 0 25 
0 0 0 0 0 0 0 0 1 -1 -1 1 1 0 -1 1 1 0 0 0 36 
0 0 0 0 0 0 0 0 0 1 1 -1 0 1 1 0 1 1 1 0 67 
0 0 0 0 0 0 0 0 0 0 1 0 0 1 0 -0 0 1 -0 0 49 
0 0 0 0 0 0 0 0 0 0 0 1 1 -1 1 1 -0 0 1 1 39 
0 0 0 0 0 0 0 0 0 0 0 0 1 -1 2 1 -0 1 1 1 47 
0 0 0 0 0 0 0 0 0 0 0 0 0 1 -1 -1 0 0 -0 0 22 
0 0 0 0 0 0 0 0 0 0 0 0 0 0 1 0 -0 1 0 1 47 
0 0 0 0 0 0 0 0 0 0 0 0 0 0 0 1 -0 -0 1 -1 0 
0 0 0 0 0 0 0 0 0 0 0 0 0 0 0 0 1 0 0 1 38 
0 0 0 0 0 0 0 0 0 0 0 0 0 0 0 0 0 1 -1 2 65 
0 0 0 0 0 0 0 0 0 0 0 0 0 0 0 0 0 0 1 0 8 
0 0 0 0 0 0 0 0 0 0 0 0 0 0 0 0 0 0 0 -2 -53 

1 1 1 0 1 1 0 0 1 0 0 0 0 0 0 0 0 0 0 0 84 
0 1 1 1 0 0 1 1 0 0 0 1 0 0 0 0 0 0 0 0 90 
0 0 1 1 0 1 1 1 0 0 1 1 0 0 0 1 0 0 0 0 120 
0 0 0 1 0 0 1 0 -1 1 0 0 0 0 0 0 0 0 0 0 36 
0 0 0 0 1 1 0 0 0 1 1 0 0 0 1 0 0 0 0 0 64 
0 0 0 0 0 1 1 1 1 0 1 1 1 0 0 1 0 0 0 0 112 
0 0 0 0 0 0 1 1 0 1 1 0 0 1 0 0 0 0 0 0 81 
0 0 0 0 0 0 0 1 -1 1 2 -1 -1 1 1 -1 0 0 0 0 25 
0 0 0 0 0 0 0 0 1 -1 -1 1 1 0 -1 1 1 0 0 0 36 
0 0 0 0 0 0 0 0 0 1 1 -1 0 1 1 0 1 1 1 0 67 
0 0 0 0 0 0 0 0 0 0 1 0 0 1 0 -0 0 1 -0 0 49 
0 0 0 0 0 0 0 0 0 0 0 1 1 -1 1 1 -0 0 1 1 39 
0 0 0 0 0 0 0 0 0 0 0 0 1 -1 2 1 -0 1 1 1 47 
0 0 0 0 0 0 0 0 0 0 0 0 0 1 -1 -1 0 0 -0 0 22 
0 0 0 0 0 0 0 0 0 0 0 0 0 0 1 0 -0 1 0 1 47 
0 0 0 0 0 0 0 0 0 0 0 0 0 0 0 1 -0 -0 1 -1 0 
0 0 0 0 0 0 0 0 0 0 0 0 0 0 0 0 1 0 0 1 38 
0 0 0 0 0 0 0 0 0 0 0 0 0 0 0 0 0 1 -1 2 65 
0 0 0 0 0 0 0 0 0 0 0 0 0 0 0 0 0 0 1 0 8 
0 0 0 0 0 0 0 0 0 0 0 0 0 0 0 0 0 0 0 1 24 
    5.00   26.00    3.00   24.00
    6.00   31.00   -2.00   23.00
   13.00   27.00    2.00   16.00
    6.00   31.00   -2.00   23.00
    5.00   26.00    3.00   24.00
