1203 12568
2746 32424
304 44240
74 36354
285 11042
622 18404
581 21953
972 20366
180 31940
13 504
432 19794
2086 30111
24 21128
22 2752
1762 42589
618 25710
96 10142
1751 26362
56 43088
37 8049
149 37364
1 609
1959 34708
1514 44003
267 3242
16 6900
102 18372
852 56844
1030 30079
476 10602
659 27879
176 15271
317 11753
47 39331
1102 55920
2258 31769
23 7756
42 17648
64 1177
4 3670
4850 42696
15 11834
37 15318
28 5517
158 1550
1446 40942
800 8444
4 1713
693 77760
89 11115
1088 32707
235 13504
357 53248
189 27829
38 41149
81 13151
2843 46877
1270 19999
1656 19993
1221 38267
1329 13768
2 1312
11 8116
2124 16727
405 10632
511 27111
810 48822
268 18033
2277 39060
154 14844
322 44100
959 29622
65 6165
1797 18459
126 22997
30 10433
2582 47322
31 469
295 25786
236 47351
267 27003
24 10291
756 57830
1382 16563
18 14016
1381 47069
3397 38672
74 20527
188 15867
323 29194
401 40716
130 50732
762 59198
130 24409
867 35708
225 18066
98 7064
88 27252
127 24975
50 23599
274 4136
705 16280
223 16441
138 7657
266 11593
294 44925
33 7730
359 18861
1933 37482
490 25522
33 13072
119 13594
332 54456
615 18913
426 38429
174 50334
324 22000
23 16871
4604 63929
209 23167
270 15629
565 12422
870 18511
110 33137
590 7737
2242 18868
541 36662
36 33629
347 40352
160 9553
908 36883
645 22830
309 22711
265 9223
734 21111
84 11958
2016 17639
675 48934
482 12747
1879 25021
1008 22195
602 30318
10 4249
24 473
219 3026
269 9729
5 4449
167 51049
116 23483
446 44596
49 24458
752 18042
436 23072
426 34358
70 15443
738 10922
50 5460
175 32336
7395 62783
35 32718
561 3696
395 13910
1955 35649
4561 53506
115 31516
6 968
17 1169
214 1285
692 12029
1111 37673
85 5062
151 1534
945 23857
26 8593
8 5918
244 22856
560 24806
1457 59213
98 26494
5521 51259
928 41931
450 56522
209 7445
108 19427
45 32079
222 48266
63 6688
929 15843
1192 42266
6 958
7397 61151
162 19437
39 31959
353 13220
308 23080
0 274
1758 15001
1551 43464
102 45953
51 823
129 4286
61 9149
1370 37136
340 44871
3 518
1320 20630
840 4387
129 1732
127 2747
377 7245
979 14943
124 27049
339 13500
34 13852
12 9761
40 19766
3193 36087
2934 31966
5385 49695
1 743
2097 16893
169 11913
1643 27556
1922 46086
170 35300
218 864
103 46014
848 39648
141 2119
1324 43131
1247 45778
35 13950
799 32940
14 3388
995 14477
204 3221
1564 42060
17 4627
79 6841
1610 13742
1 127
7980 87970
314 40559
3191 30137
478 55481
1064 31308
3775 48142
60 34063
432 31395
635 43012
146 24608
116 52869
1824 43728
12 11372
400 18811
3241 65428
1542 44741
35 36717
132 1547
92 12633
28 24672
1917 23252
123 41205
28 23412
57 9363
625 14122
4002 35759
1667 94968
173 5938
3431 32861
6 428
174 21206
573 7023
683 45864
436 40467
122 595
38 10930
428 45589
127 6314
379 2440
47 37831
4539 39487
2654 51927
333 18150
91 44108
399 31645
2916 23862
229 39914
2437 40752
1719 25312
912 39320
2851 43366
4096 52776
710 51653
403 11336
1880 55639
272 12249
37 15033
422 27791
726 36486
562 12575
86 38767
140 43080
45 12378
3055 42730
77 12341
2339 60676
1546 50021
3407 44080
34 36355
1351 15196
646 46668
367 45244
1057 14120
266 25197
125 30941
5336 49191
1850 30034
1175 46661
1069 10536
100 35226
103 25066
424 20000
475 12147
146 31219
31 27203
844 12519
3336 20717
92 12162
39 4486
1284 23984
90 11034
22 1846
248 33259
40 17679
1082 45136
677 4686
209 23037
6 5257
649 33152
1229 26821
35 4668
99 35132
10 783
2498 23886
2877 77720
578 49490
1389 14313
78 2574
80 19279
3713 31600
2242 30879
50 18219
120 36047
64 31157
6911 88295
1122 35076
656 39827
113 31249
92 36058
1774 59213
28 7282
101 51960
78 49127
1700 51897
86 18912
4053 36659
311 4689
258 3978
765 36995
1996 50968
123 13451
729 15441
472 59699
70 41635
181 34536
120 19498
208 8085
27 10743
1179 29442
8125 85191
206 12665
97 21467
856 44328
141 16446
30 19552
48 36492
409 11092
156 49817
394 13811
239 9260
376 13509
40 10129
2518 32397
1337 44267
4313 41120
5334 154260
4 3394
2205 38916
39 1822
38 31985
636 49385
5886 71306
73 17706
500 25107
59 10435
86 26881
98 43924
114 5778
936 24613
4 239
48 349
40 1105
1448 34681
30 3888
2658 21788
1323 49726
601 22234
73 18898
2888 32272
962 19664
2 1361
460 28725
35 6900
274 10253
112 22035
310 29790
114 3675
325 36058
2303 30699
189 23115
56 22482
83 11270
86 8824
382 18183
493 57746
926 16511
83 18407
530 43359
252 40098
526 57349
81 10874
5615 70114
207 47164
1603 45645
2540 96901
449 48689
249 17007
709 22250
378 19700
291 61958
99 16125
947 15663
60 41939
1452 48510
3715 47211
874 36945
202 12799
2 1053
186 41510
55 7721
642 5812
52 22698
383 23156
1745 30649
585 10495
1204 19494
1567 29287
111 16741
35 17098
1230 9042
6578 101662
2056 29699
44 32603
17 17474
57 35511
23 3786
98 601
181 4526
259 34266
24 9773
714 43707
211 2476
0 447
80 42518
7023 50046
483 49408
32 26769
142 46350
88 10997
310 21261
1202 10297
2507 44143
3059 30128
497 7241
1349 46737
251 8004
162 31035
86 43138
638 5930
211 45580
304 27144
40 2552
1188 42446
73 35657
2020 21158
3387 42621
65 42397
18 8771
193 24977
76 39746
1056 42021
848 36566
635 7562
6 1272
108 28096
3474 34916
107 33988
101 3449
78 41567
64 32517
833 19834
7263 73099
871 13555
597 44412
769 7323
405 9984
213 41344
1096 70063
802 11080
266 23759
844 22013
124 19145
757 66966
1023 56901
91 3780
989 29407
44 43503
69 1505
75 27265
186 25600
1185 34821
41 11353
7 5771
12 7444
1411 18206
133 27160
1995 46480
222 48378
1390 51025
2784 23455
517 29871
298 49748
1801 14705
48 28648
255 24061
321 41847
53 38906
1563 58107
4687 50475
363 28787
8 25
1173 52043
48 42700
400 4379
94 47937
3525 33867
41 20280
19 11192
2002 33965
280 47104
20 15759
7611 77000
1426 48116
923 47428
3045 23222
11 2208
4690 55943
16 1718
100 15032
2865 26726
184 13865
471 3762
83 28881
81 35983
1788 42123
979 23743
86 30032
618 27922
632 31721
89 21421
53 42328
4090 33740
1853 53002
699 24625
692 30367
416 36961
1097 19866
25 21211
61 29780
8 750
162 5436
417 46139
554 27526
1284 27649
152 9345
47 46525
346 13238
1312 21971
32 15807
33 3804
111 15256
182 7212
445 51533
701 15973
123 46634
524 49970
3143 29017
435 50363
134 54981
88 28968
734 38073
471 28292
2603 48927
116 17533
21 2146
1797 23813
980 15652
85 20415
804 40948
1063 12033
45 6583
1709 44230
328 40907
666 20945
747 44704
178 17847
175 2347
1392 37416
31 27283
7 2232
423 10370
15 156
1253 19489
1063 16503
56 802
1932 20024
257 4088
3934 39845
44 20539
4495 40910
285 29563
1608 10458
67 1660
857 39871
72 4542
481 25720
42 2485
744 28380
509 55322
767 54181
274 40847
439 13577
1489 32737
1547 24378
555 8883
23 2399
1398 48647
79 32030
962 41386
332 43388
3424 49662
59 44096
95 22639
955 37271
275 13923
51 6083
1057 43262
1355 42941
1432 27322
699 37815
129 41947
37 24894
74 40972
1931 35405
359 41710
160 15178
4115 29972
446 8833
595 39347
712 30351
83 36044
24 3592
979 18672
21 17464
647 32492
38 27708
332 39590
5844 36001
3100 50893
1117 47217
84 37854
4455 61636
1736 53104
1188 36476
1341 10334
236 46750
12 10940
2653 37213
47 8051
696 38142
182 38175
360 17811
2031 51968
61 46061
1853 32769
584 8571
49 28702
195 28640
413 8182
411 28280
1751 33305
68 3663
383 35605
208 53599
42 716
2448 43010
1702 42847
2112 35128
1 338
64 20684
478 47014
2057 69104
762 4486
2549 25145
1687 24971
95 8962
318 23458
94 43229
2 772
502 14516
714 3401
114 28047
289 44191
670 4884
620 8460
1678 21109
198 24345
194 11020
498 65857
6 5078
1484 57598
4050 40624
114 42170
5308 52983
0 193
47 16014
22 13466
1210 40751
2996 33448
488 47255
104 21099
120 48905
947 15153
267 44731
18 5136
1570 16535
296 8340
51 18560
120 29839
6445 65906
546 42646
494 46786
1328 13509
1977 24755
69 12982
231 17604
3904 24685
907 39737
46 40066
420 42797
411 54833
889 47286
115 45323
582 44442
51 6707
607 45450
567 47687
874 8373
13 4800
3278 47321
3041 52602
812 38704
2500 19881
125 9276
1120 18798
65 15603
114 12900
396 11517
724 33088
267 6181
255 31821
111 11750
663 40450
25 26752
382 44749
409 68464
1091 45568
1171 47945
168 15935
631 28017
75 27378
89 29468
0 9
147 40910
66 32999
6 3945
158 23783
88 22551
1295 21675
578 16284
750 75360
15 14072
259 41172
1793 93939
1269 35777
49 40415
1748 46717
592 8820
1903 40906
543 37176
64 43383
1032 15754
1666 21796
30 29101
145 16565
2329 41083
3014 29639
283 9625
1039 16543
174 27568
625 39519
2884 23294
245 10926
23 16063
3015 43746
662 57564
334 33372
124 10328
133 25069
1277 31885
996 10883
1682 87488
374 27200
1424 25099
29 14217
0 5
352 21328
706 5030
198 34492
666 27540
4626 46382
1811 76279
767 10426
982 23807
90 20253
27 28292
98 4113
241 22906
205 27140
184 24577
192 40056
126 26968
217 10607
6 2145
452 26277
2777 59098
2564 14367
360 62157
284 26689
92 37959
123 18108
101 13884
69 9308
133 25063
35 27022
16 6304
516 35717
66 1379
221 22820
69 28406
388 40426
77 17369
274 53129
4576 31100
3896 33684
1476 51610
5094 27648
16680 209980
2016 51561
14 243
4221 54494
177 12558
3275 41117
34 35799
136 43048
106 1713
11 3396
12 877
37 22443
26 20378
30 6573
34 15070
66 35423
553 43277
1707 45733
510 12480
2667 45088
168 35430
2711 46326
41 21906
95 39051
656 21739
288 2275
64 42591
38 6478
476 15242
891 42916
327 5205
196 49321
3 186
38 36358
425 9183
80 28869
1500 54653
97 1187
84 3955
606 35391
41 39691
46 19535
48 21521
12 8588
611 37729
81 36850
643 20779
66 22027
310 17758
197 20958
330 4929
349 35864
136 29841
67 48870
91 10852
209 21588
180 9658
176 10920
58 36206
316 46144
2124 18544
392 14364
0 12
4894 61601
56 17559
1432 35649
1097 48402
1429 26579
235 15210
478 34836
30 31544
863 16947
23 16826
66 19711
428 4089
116 45259
1577 35212
41 6762
2930 46412
2180 27181
106 14711
260 4759
2041 34688
51 7627
1315 21478
3 492
467 37664
134 26782
18 3450
17 17483
14 13342
2912 29929
35 32282
372 61852
255 29746
19 8141
725 18120
349 39563
1 784
20 17873
608 13966
643 21277
