!!3  3  710734    752114
!!4  3  769650    800214
!!5  3  228820    284960
!!3  4  587156    621268
!!4  4  398274    465538
!!5  4  175983    199043
!!3  5  919718    957174
!!4  5  457687    469187
!!5  5  710734    752114
!!5  5  174862    530400
!!5  6  550090    353963
!!5  7  281310    424802
!!5  8  794501    786874
!!5  9  145074    592723
!!5  10  610489    364195
!!4  4  29442    184773
!!5  4  121372    140261
!!4  5  550258    844903
!!5  5  597419    788804
!!4  6  415706    821917
!!5  6  973975    52387
!!4  7  499888    9313
!!5  7  363060    473245
!!4  8  342821    404622
!!5  8  699318    186780
!!4  9  90144    956899
!!5  9  387664    529233
!!4  10  226870    662004
!!5  10  364347    447662
3
!!3  3  710734    752114
!!4  3  769650    800214
!!5  3  228820    284960
!!3  4  587156    621268
!!4  4  398274    465538
!!5  4  175983    199043
!!3  5  919718    957174
!!4  5  457687    469187
!!5  5  710734    752114
3 3
5 5
