3
3 717254 717486
3  4  217899 218099
3  5  43330 43542
3  6  734863 734979
3  7  921379 921515
3  8  290963 291119
3  9  312854 312938
3  10  377509 377625
4 148364 148548
4  4  888381 888741
4  5  714501 714581
4  6  462087 462207
4  7  547234 547430
4  8  981763 981979
4  9  752590 752954
4  10  484100 484284
5 913076 913380
5  4  736319 736463
5  5  717254 717486
!!2
4
4 917109 427502
4  5  312368 748872
4  6  32507 493567
4  7  850144 108625
4  8  387412 690952
4  9  572006 913522
4  10  107947 293211
5 174088 575216
5  5  996727 786756
5  6  415095 595155
5  7  492317 757105
5  8  379342 810014
5  9  918601 396538
5  10  628127 425664
3
3 717254 717486
3  4  217899 218099
3  5  43330 43542
3  6  734863 734979
3  7  921379 921515
3  8  290963 291119
3  9  312854 312938
3  10  377509 377625
4 148364 148548
4  4  888381 888741
4  5  714501 714581
4  6  462087 462207
4  7  547234 547430
4  8  981763 981979
4  9  752590 752954
4  10  484100 484284
5 913076 913380
5  4  736319 736463
5  5  717254 717486
!!2
1 1
3 3
